536
779
830
935
1047
1087
1125
1148
1193
1563
1592
1716
1888
1971
2019
2228
2322
2381
2456
2775
2782
2942
3382
3540
3833
3991
4048
4335
4453
4490
4525
4538
4757
4913
5032
5278
5342
5349
5362
5415
5451
5496
5502
5674
5711
5753
5832
6092
6106
6261
6420
6661
6690
6775
6922
7721
7726
7821
7861
7977
8214
8292
8363
8382
8415
8502
8565
8592
8752
8973
9101
9120
9268
9284
9297
9423
9431
9522
9542
9589
9751
9879
10047
10115
10215
10247
10333
10466
10489
10849
10924
11027
11093
11296
11313
11532
11850
11871
11898
12273
